   0.00000000E+00   0.75382188E-01   0.44487849E-01   0.75382188E-01   0.44487849E-01
   0.20000000E-02   0.66748641E-01   0.39392641E-01   0.66748641E-01   0.39392641E-01
   0.40000000E-02   0.58519016E-01   0.34535813E-01   0.58519016E-01   0.34535813E-01
   0.60000000E-02   0.50644814E-01   0.29888742E-01   0.50644814E-01   0.29888742E-01
   0.80000000E-02   0.43193232E-01   0.25491088E-01   0.43193232E-01   0.25491088E-01
   0.10000000E-01   0.36294754E-01   0.21419855E-01   0.36294754E-01   0.21419855E-01
   0.12000000E-01   0.30081223E-01   0.17752853E-01   0.30081223E-01   0.17752853E-01
   0.14000000E-01   0.24639674E-01   0.14541447E-01   0.24639674E-01   0.14541447E-01
   0.16000000E-01   0.19993805E-01   0.11799623E-01   0.19993805E-01   0.11799623E-01
   0.18000000E-01   0.16108329E-01   0.95065546E-02   0.16108329E-01   0.95065546E-02
   0.20000000E-01   0.12909543E-01   0.76187464E-02   0.12909543E-01   0.76187464E-02
   0.22000000E-01   0.10305026E-01   0.60816548E-02   0.10305026E-01   0.60816548E-02
   0.24000000E-01   0.82005068E-02   0.48396434E-02   0.82005068E-02   0.48396434E-02
   0.26000000E-01   0.65084940E-02   0.38410784E-02   0.65084940E-02   0.38410784E-02
   0.28000000E-01   0.51529831E-02   0.30411048E-02   0.51529831E-02   0.30411048E-02
   0.30000000E-01   0.40698053E-02   0.24018523E-02   0.40698053E-02   0.24018523E-02
   0.32000000E-01   0.32061844E-02   0.18921744E-02   0.32061844E-02   0.18921744E-02
   0.34000000E-01   0.25189320E-02   0.14865828E-02   0.25189320E-02   0.14865828E-02
   0.36000000E-01   0.19731399E-02   0.11644760E-02   0.19731399E-02   0.11644760E-02
   0.38000000E-01   0.15405318E-02   0.90916629E-03   0.15405318E-02   0.90916629E-03
   0.40000000E-01   0.11983876E-02   0.70724513E-03   0.11983876E-02   0.70724513E-03
   0.42000000E-01   0.92842478E-03   0.54792282E-03   0.92842478E-03   0.54792282E-03
   0.44000000E-01   0.71601454E-03   0.42256596E-03   0.71601454E-03   0.42256596E-03
   0.46000000E-01   0.54948718E-03   0.32428752E-03   0.54948718E-03   0.32428752E-03
   0.48000000E-01   0.41955497E-03   0.24760621E-03   0.41955497E-03   0.24760621E-03
   0.50000000E-01   0.31888526E-03   0.18819458E-03   0.31888526E-03   0.18819458E-03
   0.52000000E-01   0.24168334E-03   0.14263279E-03   0.24168334E-03   0.14263279E-03
   0.54000000E-01   0.18341441E-03   0.10824457E-03   0.18341441E-03   0.10824457E-03
   0.56000000E-01   0.14052005E-03   0.82929863E-04   0.14052005E-03   0.82929863E-04
   0.58000000E-01   0.11021406E-03   0.65044365E-04   0.11021406E-03   0.65044365E-04
   0.60000000E-01   0.90310797E-04   0.53298175E-04   0.90310797E-04   0.53298175E-04
   0.62000000E-01   0.79067356E-04   0.46662702E-04   0.79067356E-04   0.46662702E-04
   0.64000000E-01   0.75076300E-04   0.44307324E-04   0.75076300E-04   0.44307324E-04
   0.66000000E-01   0.77158798E-04   0.45536340E-04   0.77158798E-04   0.45536340E-04
   0.68000000E-01   0.84293854E-04   0.49747193E-04   0.84293854E-04   0.49747193E-04
   0.70000000E-01   0.95557240E-04   0.56394437E-04   0.95557240E-04   0.56394437E-04
   0.72000000E-01   0.11007782E-03   0.64963957E-04   0.11007782E-03   0.64963957E-04
   0.74000000E-01   0.12701349E-03   0.74958778E-04   0.12701349E-03   0.74958778E-04
   0.76000000E-01   0.14553299E-03   0.85888324E-04   0.14553299E-03   0.85888324E-04
   0.78000000E-01   0.16481949E-03   0.97270521E-04   0.16481949E-03   0.97270521E-04
   0.80000000E-01   0.18407674E-03   0.10863545E-03   0.18407674E-03   0.10863545E-03
   0.82000000E-01   0.20254475E-03   0.11953461E-03   0.20254475E-03   0.11953461E-03
   0.84000000E-01   0.21952468E-03   0.12955555E-03   0.21952468E-03   0.12955555E-03
   0.86000000E-01   0.23439702E-03   0.13833267E-03   0.23439702E-03   0.13833267E-03
   0.88000000E-01   0.24664550E-03   0.14556128E-03   0.24664550E-03   0.14556128E-03
   0.90000000E-01   0.25587749E-03   0.15100967E-03   0.25587749E-03   0.15100967E-03
   0.92000000E-01   0.26183060E-03   0.15452298E-03   0.26183060E-03   0.15452298E-03
   0.94000000E-01   0.26438047E-03   0.15602782E-03   0.26438047E-03   0.15602782E-03
   0.96000000E-01   0.26354039E-03   0.15553204E-03   0.26354039E-03   0.15553204E-03
   0.98000000E-01   0.25944425E-03   0.15311464E-03   0.25944425E-03   0.15311464E-03
   0.10000000E+00   0.25233468E-03   0.14891883E-03   0.25233468E-03   0.14891883E-03
   0.10200000E+00   0.24254602E-03   0.14314191E-03   0.24254602E-03   0.14314191E-03
   0.10400000E+00   0.23047190E-03   0.13601620E-03   0.23047190E-03   0.13601620E-03
   0.10600000E+00   0.21654676E-03   0.12779809E-03   0.21654676E-03   0.12779809E-03
   0.10800000E+00   0.20122808E-03   0.11875756E-03   0.20122808E-03   0.11875756E-03
   0.11000000E+00   0.18496548E-03   0.10915996E-03   0.18496548E-03   0.10915996E-03
   0.11200000E+00   0.16818819E-03   0.99258605E-04   0.16818819E-03   0.99258605E-04
   0.11400000E+00   0.15129808E-03   0.89290672E-04   0.15129808E-03   0.89290672E-04
   0.11600000E+00   0.13465056E-03   0.79465902E-04   0.13465056E-03   0.79465902E-04
   0.11800000E+00   0.11855171E-03   0.69964943E-04   0.11855171E-03   0.69964943E-04
   0.12000000E+00   0.10326279E-03   0.60941977E-04   0.10326279E-03   0.60941977E-04
   0.12200000E+00   0.88992189E-04   0.52519981E-04   0.88992189E-04   0.52519981E-04
   0.12400000E+00   0.75897651E-04   0.44792056E-04   0.75897651E-04   0.44792056E-04
   0.12600000E+00   0.64096575E-04   0.37827487E-04   0.64096575E-04   0.37827487E-04
   0.12800000E+00   0.53665835E-04   0.31671640E-04   0.53665835E-04   0.31671640E-04
   0.13000000E+00   0.44643816E-04   0.26347170E-04   0.44643816E-04   0.26347170E-04
   0.13200000E+00   0.37040103E-04   0.21859733E-04   0.37040103E-04   0.21859733E-04
   0.13400000E+00   0.30839000E-04   0.18200065E-04   0.30839000E-04   0.18200065E-04
   0.13600000E+00   0.26000334E-04   0.15344459E-04   0.26000334E-04   0.15344459E-04
   0.13800000E+00   0.22465089E-04   0.13258085E-04   0.22465089E-04   0.13258085E-04
   0.14000000E+00   0.20159483E-04   0.11897400E-04   0.20159483E-04   0.11897400E-04
   0.14200000E+00   0.18996031E-04   0.11210772E-04   0.18996031E-04   0.11210772E-04
   0.14400000E+00   0.18875975E-04   0.11139920E-04   0.18875975E-04   0.11139920E-04
   0.14600000E+00   0.19691918E-04   0.11621460E-04   0.19691918E-04   0.11621460E-04
   0.14800000E+00   0.21329174E-04   0.12587710E-04   0.21329174E-04   0.12587710E-04
   0.15000000E+00   0.23668712E-04   0.13968420E-04   0.23668712E-04   0.13968420E-04
   0.15200000E+00   0.26588344E-04   0.15691482E-04   0.26588344E-04   0.15691482E-04
   0.15400000E+00   0.29963065E-04   0.17683120E-04   0.29963065E-04   0.17683120E-04
   0.15600000E+00   0.33669370E-04   0.19870448E-04   0.33669370E-04   0.19870448E-04
   0.15800000E+00   0.37587508E-04   0.22182792E-04   0.37587508E-04   0.22182792E-04
   0.16000000E+00   0.41601395E-04   0.24551643E-04   0.41601395E-04   0.24551643E-04
   0.16200000E+00   0.45600233E-04   0.26911613E-04   0.45600233E-04   0.26911613E-04
   0.16400000E+00   0.49483229E-04   0.29203217E-04   0.49483229E-04   0.29203217E-04
   0.16600000E+00   0.53160829E-04   0.31373604E-04   0.53160829E-04   0.31373604E-04
   0.16800000E+00   0.56553238E-04   0.33375682E-04   0.56553238E-04   0.33375682E-04
   0.17000000E+00   0.59593115E-04   0.35169707E-04   0.59593115E-04   0.35169707E-04
   0.17200000E+00   0.62227938E-04   0.36724685E-04   0.62227938E-04   0.36724685E-04
   0.17400000E+00   0.64419965E-04   0.38018340E-04   0.64419965E-04   0.38018340E-04
   0.17600000E+00   0.66143834E-04   0.39035705E-04   0.66143834E-04   0.39035705E-04
   0.17800000E+00   0.67387889E-04   0.39769902E-04   0.67387889E-04   0.39769902E-04
   0.18000000E+00   0.68153914E-04   0.40221982E-04   0.68153914E-04   0.40221982E-04
   0.18200000E+00   0.68456132E-04   0.40400340E-04   0.68456132E-04   0.40400340E-04
   0.18400000E+00   0.68318520E-04   0.40319127E-04   0.68318520E-04   0.40319127E-04
   0.18600000E+00   0.67774135E-04   0.39997850E-04   0.67774135E-04   0.39997850E-04
   0.18800000E+00   0.66863018E-04   0.39460142E-04   0.66863018E-04   0.39460142E-04
   0.19000000E+00   0.65631327E-04   0.38733242E-04   0.65631327E-04   0.38733242E-04
   0.19200000E+00   0.64129143E-04   0.37846707E-04   0.64129143E-04   0.37846707E-04
   0.19400000E+00   0.62409202E-04   0.36831660E-04   0.62409202E-04   0.36831660E-04
   0.19600000E+00   0.60523797E-04   0.35718962E-04   0.60523797E-04   0.35718962E-04
   0.19800000E+00   0.58524604E-04   0.34539110E-04   0.58524604E-04   0.34539110E-04
   0.20000000E+00   0.56461784E-04   0.33321708E-04   0.56461784E-04   0.33321708E-04
   0.20200000E+00   0.54383599E-04   0.32095239E-04   0.54383599E-04   0.32095239E-04
   0.20400000E+00   0.52333197E-04   0.30885165E-04   0.52333197E-04   0.30885165E-04
   0.20600000E+00   0.50348622E-04   0.29713941E-04   0.50348622E-04   0.29713941E-04
   0.20800000E+00   0.48463226E-04   0.28601248E-04   0.48463226E-04   0.28601248E-04
   0.21000000E+00   0.46706547E-04   0.27564519E-04   0.46706547E-04   0.27564519E-04
   0.21200000E+00   0.45102189E-04   0.26617685E-04   0.45102189E-04   0.26617685E-04
   0.21400000E+00   0.43667500E-04   0.25770984E-04   0.43667500E-04   0.25770984E-04
   0.21600000E+00   0.42414097E-04   0.25031270E-04   0.42414097E-04   0.25031270E-04
   0.21800000E+00   0.41349675E-04   0.24403087E-04   0.41349675E-04   0.24403087E-04
   0.22000000E+00   0.40477353E-04   0.23888274E-04   0.40477353E-04   0.23888274E-04
   0.22200000E+00   0.39795555E-04   0.23485901E-04   0.39795555E-04   0.23485901E-04
   0.22400000E+00   0.39298234E-04   0.23192400E-04   0.39298234E-04   0.23192400E-04
   0.22600000E+00   0.38975804E-04   0.23002114E-04   0.38975804E-04   0.23002114E-04
   0.22800000E+00   0.38816361E-04   0.22908016E-04   0.38816361E-04   0.22908016E-04
   0.23000000E+00   0.38805161E-04   0.22901406E-04   0.38805161E-04   0.22901406E-04
   0.23200000E+00   0.38925743E-04   0.22972570E-04   0.38925743E-04   0.22972570E-04
   0.23400000E+00   0.39159992E-04   0.23110815E-04   0.39159992E-04   0.23110815E-04
   0.23600000E+00   0.39488992E-04   0.23304979E-04   0.39488992E-04   0.23304979E-04
   0.23800000E+00   0.39893102E-04   0.23543470E-04   0.39893102E-04   0.23543470E-04
   0.24000000E+00   0.40352438E-04   0.23814554E-04   0.40352438E-04   0.23814554E-04
   0.24200000E+00   0.40848072E-04   0.24107059E-04   0.40848072E-04   0.24107059E-04
   0.24400000E+00   0.41362055E-04   0.24410393E-04   0.41362055E-04   0.24410393E-04
   0.24600000E+00   0.41877623E-04   0.24714663E-04   0.41877623E-04   0.24714663E-04
   0.24800000E+00   0.42378761E-04   0.25010417E-04   0.42378761E-04   0.25010417E-04
   0.25000000E+00   0.42850855E-04   0.25289029E-04   0.42850855E-04   0.25289029E-04
   0.25200000E+00   0.43281651E-04   0.25543269E-04   0.43281651E-04   0.25543269E-04
   0.25400000E+00   0.43661284E-04   0.25767315E-04   0.43661284E-04   0.25767315E-04
   0.25600000E+00   0.43982159E-04   0.25956684E-04   0.43982159E-04   0.25956684E-04
   0.25800000E+00   0.44237930E-04   0.26107631E-04   0.44237930E-04   0.26107631E-04
   0.26000000E+00   0.44424068E-04   0.26217483E-04   0.44424068E-04   0.26217483E-04
   0.26200000E+00   0.44538196E-04   0.26284837E-04   0.44538196E-04   0.26284837E-04
   0.26400000E+00   0.44580075E-04   0.26309552E-04   0.44580075E-04   0.26309552E-04
   0.26600000E+00   0.44551608E-04   0.26292752E-04   0.44551608E-04   0.26292752E-04
   0.26800000E+00   0.44455787E-04   0.26236202E-04   0.44455787E-04   0.26236202E-04
   0.27000000E+00   0.44296630E-04   0.26142273E-04   0.44296630E-04   0.26142273E-04
   0.27200000E+00   0.44079473E-04   0.26014115E-04   0.44079473E-04   0.26014115E-04
   0.27400000E+00   0.43810430E-04   0.25855336E-04   0.43810430E-04   0.25855336E-04
   0.27600000E+00   0.43496394E-04   0.25670003E-04   0.43496394E-04   0.25670003E-04
   0.27800000E+00   0.43144973E-04   0.25462607E-04   0.43144973E-04   0.25462607E-04
   0.28000000E+00   0.42763466E-04   0.25237456E-04   0.42763466E-04   0.25237456E-04
   0.28200000E+00   0.42359788E-04   0.24999219E-04   0.42359788E-04   0.24999219E-04
   0.28400000E+00   0.41941644E-04   0.24752446E-04   0.41941644E-04   0.24752446E-04
   0.28600000E+00   0.41516184E-04   0.24501355E-04   0.41516184E-04   0.24501355E-04
   0.28800000E+00   0.41090015E-04   0.24249845E-04   0.41090015E-04   0.24249845E-04
   0.29000000E+00   0.40669212E-04   0.24001502E-04   0.40669212E-04   0.24001502E-04
   0.29200000E+00   0.40259296E-04   0.23759585E-04   0.40259296E-04   0.23759585E-04
   0.29400000E+00   0.39865376E-04   0.23527107E-04   0.39865376E-04   0.23527107E-04
   0.29600000E+00   0.39491679E-04   0.23306565E-04   0.39491679E-04   0.23306565E-04
   0.29800000E+00   0.39141465E-04   0.23099881E-04   0.39141465E-04   0.23099881E-04
   0.30000000E+00   0.38817053E-04   0.22908424E-04   0.38817053E-04   0.22908424E-04
